      1.01921        0.700761
    -0.557546        0.793753
     3.248364E-02   -0.819224
      1.20935         1.50934
     0.843566         1.05314
    -0.983407         1.46828
     0.626417        0.239290
     0.305218        0.190248
    -0.203555       -0.778884
    -0.521226        0.728942
     0.157991       -0.367680
      1.49990         2.21791
      1.62142         1.68701
      1.47549         2.91171
      1.79016         2.34913
      1.02596        0.344372
    -0.557240         1.02893
    -0.951472        0.999800
      1.96111         4.23217
      1.00919         1.00686
